1 100
2 100
4 100
8 100
16 100
32 100
48 100
64 100
96 100
128 100
1 500
2 500
4 500
8 500
16 500
32 500
48 500
64 500
96 500
128 500
1 1000
2 1000
4 1000
8 1000
16 1000
32 1000
48 1000
64 1000
96 1000
128 1000
1 1500
2 1500
4 1500
8 1500
16 1500
32 1500
48 1500
64 1500
96 1500
128 1500
1 2000
2 2000
4 2000
8 2000
16 2000
32 2000
48 2000
64 2000
96 2000
128 2000
1 2500
2 2500
4 2500
8 2500
16 2500
32 2500
48 2500
64 2500
96 2500
128 2500
8 3000
16 3000
32 3000
48 3000
64 3000
96 3000
128 3000
8 3500
16 3500
32 3500
48 3500
64 3500
96 3500
128 3500
8 4000
16 4000
32 4000
48 4000
64 4000
96 4000
128 4000
8 4500
16 4500
32 4500
48 4500
64 4500
96 4500
128 4500
16 5000
32 5000
48 5000
64 5000
96 5000
128 5000
16 5500
32 5500
48 5500
64 5500
96 5500
128 5500
16 6000
32 6000
48 6000
64 6000
96 6000
128 6000
16 6500
32 6500
48 6500
64 6500
96 6500
128 6500
16 7000
32 7000
48 7000
64 7000
96 7000
128 7000
16 7500
32 7500
48 7500
64 7500
96 7500
128 7500
16 8000
32 8000
48 8000
64 8000
96 8000
128 8000
16 8500
32 8500
48 8500
64 8500
96 8500
128 8500
16 9000
32 9000
48 9000
64 9000
96 9000
128 9000
16 9500
32 9500
48 9500
64 9500
96 9500
128 9500
16 10000
32 10000
48 10000
64 10000
96 10000
128 10000
24 100
40 100
48 100
56 100
72 100
80 100
88 100
104 100
112 100
120 100
24 500
40 500
48 500
56 500
72 500
80 500
88 500
104 500
112 500
120 500
24 1000
40 1000
48 1000
56 1000
72 1000
80 1000
88 1000
104 1000
112 1000
120 1000
24 1500
40 1500
48 1500
56 1500
72 1500
80 1500
88 1500
104 1500
112 1500
120 1500
24 2000
40 2000
48 2000
56 2000
72 2000
80 2000
88 2000
104 2000
112 2000
120 2000
24 2500
40 2500
48 2500
56 2500
72 2500
80 2500
88 2500
104 2500
112 2500
120 2500
1 3000
2 3000
4 3000
24 3000
40 3000
48 3000
56 3000
72 3000
80 3000
88 3000
104 3000
112 3000
120 3000
1 3500
2 3500
4 3500
24 3500
40 3500
48 3500
56 3500
72 3500
80 3500
88 3500
104 3500
112 3500
120 3500
1 4000
2 4000
4 4000
24 4000
40 4000
48 4000
56 4000
72 4000
80 4000
88 4000
104 4000
112 4000
120 4000
1 4500
2 4500
4 4500
24 4500
40 4500
48 4500
56 4500
72 4500
80 4500
88 4500
104 4500
112 4500
120 4500
1 5000
2 5000
4 5000
24 5000
40 5000
48 5000
56 5000
72 5000
80 5000
88 5000
104 5000
112 5000
120 5000
24 5500
40 5500
56 5500
72 5500
80 5500
88 5500
104 5500
112 5500
24 6000
40 6000
56 6000
72 6000
80 6000
88 6000
104 6000
112 6000
24 6500
40 6500
56 6500
72 6500
80 6500
88 6500
104 6500
112 6500
24 7000
40 7000
56 7000
72 7000
80 7000
88 7000
104 7000
112 7000
24 7500
40 7500
56 7500
72 7500
80 7500
88 7500
104 7500
112 7500
24 8000
40 8000
56 8000
72 8000
80 8000
88 8000
104 8000
112 8000
24 8500
40 8500
56 8500
72 8500
80 8500
88 8500
104 8500
112 8500
24 9000
40 9000
56 9000
72 9000
80 9000
88 9000
104 9000
112 9000
24 9500
40 9500
56 9500
72 9500
80 9500
88 9500
104 9500
112 9500
24 10000
40 10000
56 10000
72 10000
80 10000
88 10000
104 10000
112 10000